-10 -10
-7.0769153189 2.04226860583
-5.2948027229 -9.98608939123
-1.06160338762 -0.938934797331
-0.193100511521 2.93211215207
-4.67240606013 10
-2.41680982572 -7.56613554686
-0.276515807497 8.7334493857
-0.278537079698 -3.00545372601
-0.279237116871 9.68973681977
-0.256473509679 2.23108784048
0.569174155546 0.0775895685138
6.8561459609 -5.69112918886
7.43441831204 -7.18758194554
5.29368724705 -1.2977922668
8.06019603818 7.44063275406
8.7801206355 -5.10084700221
9.09199996041 5.5380366081
10 -5.23127310601
10 10
